-23211.5757007 
-23864.2917876
201  0
-14063.2765184  
-22379.9096985
202   0
-4494.28222343  
-18586.2346078
203  0
-19877.9253062   
-23432.5186738
204  0
-29502.3798534
-24655.9319901   
205 1
-24740.9638625
-24133.0962843
206 1
-17805.2793917
-22997.9361263
207 0
-15564.5023405
-22737.4190925
208  0
-17139.2579768
-22708.2548877
209  0
-15693.8001687
-22712.6465417
210   0
-21659.7215852
-23654.6114054
211  0
-11884.3701649
-21781.6618444
212 0
-12114.3818134
-21845.6396922
213  0
-46085.671076
-26072.2251485
214  1
-14067.2179618
-22410.610011
215  0
-37580.1841831
-25527.3153544
216  1
-22558.5430844
-23750.0942429
217 0
-17374.9871338
-22733.0614126
218 0
-22361.5011687
-23598.581056
219  0
-11614.7661621
-21756.1021144
220  0
-28765.824145
-24594.0586872
221  1
-6707.8005762
-20014.4046235
222  0
-6545.07268689
-19864.452421
223   0
-25280.0275748
-24163.8830201
224  1
-25900.7291771
-24266.2111874
225  1
-30475.9780193
-24632.7696215
226  1
-20147.3793857
-23546.0596541
227  0
-36702.8890973
-25510.9196178
228  1
-32940.6919065
-24917.8495584
229 1
-18352.2905815
-23077.2117241
230  0
-12923.242127
-21986.4446428
231  0
-20179.4587134
-23342.5305184
232  0
-26009.6975344
-24176.8548812
233   1
-8073.84148437
-20673.7810399
234  0
-20781.055127
-23360.4934245
235  0
-10333.0021164
-21093.772774
236  0
-28890.3653996
-24470.8129081
237  1
-16348.2529823
-22665.4877892
238 0
-12495.2749543
-22012.0539492
239  0
-22702.0854642
-23690.3491832
240  0
-22430.4048171
-23969.6147751
241  0
-15848.2427258
-22585.8151812
242  0
-15119.5814189
-22386.3975056
243  0
-2005.37393859
-15680.0313983
244  0
-10861.4807015
-21259.4437573
245 0
-19577.8401085
-23492.6595833
246  0
-8190.73645207
-20461.8574893
247  0
-15311.1669718
-22699.4534116
248  0
-35479.179177
-25352.4101176
249 1
-19420.5698302
-23174.8811794
250  0
-13950.7936561
-22211.5637186
251  0
-28757.7974342
-24387.9435409
252  1
-18971.9585122
-23386.6575054
253  0
-13083.0414675
-22032.0323928
254   0
-28911.3555298
-24600.5431994
255  1
-11833.4842468
-21704.3603331
256  0
-27393.4248449
-24400.8998569
257  1
-26234.5462076
-24403.4848213
258  1
-22595.6150162
-23709.6751757
259  0
-34901.1578475
-25330.5821967
260  1
-27320.8591141
-24408.6484784
261 1
-19604.5496824
-23452.3050635
262 0
-13779.3735255
-22184.0611252
263  0
-14450.7928449
-22558.2977694
264  0
-16686.7387501
-22587.336993
265  0
-18473.1687858
-23000.6106132
266 0
-19509.8499957
-23381.9163237
267  0
-17612.9092811
-22989.8991938
268  0
-16134.2835277
-22757.67664
269  0
-8977.89712561
-20843.7375302
270  0
-23978.2472305
-23995.1666357
271  0
-17540.2692902
-22909.7724594
272 0
-21001.9558583
-23459.2593146
273   0
-7651.43289418
-20517.6271838
274  0
-20534.267347
-23420.8220685
275  0
-23303.5989571
-23986.344889
276  0
-14031.5785382
-22213.2747881
277  0
-23761.2872884
-24142.4569948
278  0
-25112.8381294
-24023.4275439
279  1
-25705.9656299
-24320.5937345
280  1
-13179.6525494
-22051.8865705
281  0
-26571.3029282
-24215.4571369
282  1
-29367.5238212
-24656.7277025
283  1
-24471.7133519
-23990.2686756
284  1
-22536.1082319
-23884.6230666
285  0
-33778.8962818
-25098.1398571
286  1
-7156.84316145
-20118.3004092
287  0
-17112.7960909
-23064.1350978
288  0
-21721.4718005
-23675.2365409
289  0